	1ATP_AGC	3NX8_AGC	1GZK_AGC	1H1W_AGC	1OMW_AGC	1VZO_AGC	1XJD_AGC	1ZRZ_AGC	2ACX_AGC	2ETR_AGC	2F2U_AGC	2I0E_AGC	2VD5_AGC	4AW2_AGC	2Z7Q_AGC	3G51_AGC	4FG8_CAMK	1A06_CAMK	1IA8_CAMK	2QHN_CAMK	1IG1_CAMK	1KWP_CAMK	1TKI_CAMK	1XWS_CAMK	1ZMU_CAMK	1ZWS_CAMK	2AC3_CAMK	2CN5_CAMK	2H6D_CAMK	2HW6_CAMK	2IWI_CAMK	2J90_CAMK	2JAM_CAMK	2JC6_CAMK	2Y7J_CAMK	2PHK_CAMK	2QNJ_CAMK	2V7O_CAMK	2VN9_CAMK	3BHH_CAMK	3C0G_CAMK	1CKI_CK1	2C47_CK1	2CHL_CK1	2CMW_CK1	3OP5_CK1	2JII_CK1	5UU1_CK1	2V62_CK1	1BI7_CMGC	1CM8_CMGC	2ZOQ_CMGC	4ZZN_CMGC	1ERK_CMGC	1H4L_CMGC	1HCK_CMGC	1I09_CMGC	1JNK_CMGC	1UA2_CMGC	3RGF_CMGC	1UKH_CMGC	1WBP_CMGC	1WFC_CMGC	1Z57_CMGC	2EU9_CMGC	2I6L_CMGC	3COI_CMGC	1JWH_Other	1MUO_Other	3FPQ_Other	1X8B_Other	2BUJ_Other	2JAV_Other	2OWB_Other	3CEK_Other	3COK_Other	1S9I_STE	1S9J_STE	1U5Q_STE	2BVA_STE	2C30_STE	5VIL_STE	2CLQ_STE	2DYL_STE	2F57_STE	2J51_STE	2J7T_STE	3CKW_STE	3COM_STE	1FGK_TK	1AD5_TK	1BYG_TK	1FMK_TK	1FPU_TK	1FVR_TK	1GJO_TK	1IRK_TK	1K2P_TK	5H3Q_TK	4ASZ_TK	1LUF_TK	1M14_TK	1MP8_TK	1MQB_TK	1PKG_TK	1R0P_TK	1RJB_TK	1SM2_TK	1U46_TK	1VR2_TK	1YVJ_TK	2B7A_TK	2DQ7_TK	2GSF_TK	2HEL_TK	2I1M_TK	2IVS_TK	2P0C_TK	2R2P_TK	2REI_TK	3BBT_TK	3BKB_TK	3CC6_TK	3LCK_TK	5HI2_TKL	3OMV_TKL	1UWH_TKL	5V5N_TKL	2EVA_TKL	4ZTN_TKL	2NRU_TKL	2QLU_TKL	4UY9_TKL	4UYA_TKL	
1ATP_AGC	100.0	73.153	40.8055	45.4544	14.5827	51.5525	42.5728	48.6638	26.1256	38.5129	41.633	50.2091	35.834	40.7493	35.8207	44.5569	36.849	40.8678	38.6855	37.111	45.262	43.011	46.702	35.94	43.9753	42.8182	34.0071	39.4459	34.1525	30.6778	27.2062	36.2038	41.3789	41.4602	38.3749	41.0235	48.8382	45.3882	46.2749	41.9185	45.3672	42.8987	44.5005	46.1774	46.0729	48.1839	46.3463	49.2102	48.447	37.1863	47.5177	47.0615	46.208	45.3305	40.0077	45.9707	43.9033	46.031	42.8947	42.0108	42.9738	47.666	45.0147	46.8639	46.8535	41.0845	47.5838	47.2496	33.6908	37.1594	33.7072	37.6208	32.1499	43.4691	31.6449	26.701	45.2801	41.1349	48.3043	36.0808	39.5675	40.2052	38.0656	39.0848	40.6858	41.8949	40.6703	35.7241	36.6471	39.0764	35.2491	30.8742	33.1946	37.9909	44.0455	40.0092	44.0438	33.7243	40.8657	41.8637	33.6212	41.8294	31.2316	35.275	43.2779	42.2249	45.0535	28.8431	31.9565	38.2348	33.9888	42.6459	36.9738	39.7818	31.3764	48.3059	42.3257	30.5542	40.3324	37.8015	36.1858	35.5472	35.9355	38.3906	31.4352	36.93	36.5683	39.5834	39.7063	43.3352	45.3213	43.1655	46.5766	36.774	
3NX8_AGC	73.153	100.0	41.1193	45.9274	14.4742	51.626	43.0491	48.6645	26.0061	38.2844	41.5228	50.6228	35.8214	40.6797	36.2984	45.0123	37.0848	41.058	39.2723	37.6053	45.6115	43.0835	47.0268	36.4956	44.2389	43.2887	34.4181	39.8377	34.6416	30.9352	27.7413	36.7093	41.8606	41.7964	38.9895	41.4217	48.905	45.6307	46.5872	42.3199	46.2276	43.1713	44.8134	46.4207	46.4723	48.3843	46.5637	49.4646	48.6092	37.2743	47.2751	46.9686	46.3751	45.4619	40.3928	46.4126	43.8238	46.1661	43.2585	42.4094	43.1205	48.036	44.8564	47.3289	47.5879	41.442	47.3089	47.5678	34.2277	37.1804	34.2807	38.0998	32.6093	44.1516	31.6956	27.0928	45.964	41.7668	48.8197	36.6274	39.8237	40.6173	38.4553	39.1383	41.1168	42.1246	41.2738	36.2149	36.8599	39.4645	34.9582	31.2309	32.9657	38.341	44.2797	40.1788	44.4786	34.0204	41.3085	42.2119	34.1943	42.0892	31.5851	35.5359	43.5676	42.7286	45.3135	29.3076	32.326	38.7423	34.4755	42.9986	37.3079	40.0472	31.6561	48.3113	42.7828	30.8381	40.976	38.2469	36.6439	35.7356	36.3218	38.6734	31.678	37.1872	36.6768	40.6061	40.7447	43.5799	45.5144	43.9428	47.0371	37.3512	
1GZK_AGC	40.8055	41.1193	100.0	45.9763	8.2119	43.6547	45.1502	45.2643	15.2404	26.5397	28.2985	39.9461	27.8665	27.6229	47.1283	47.8707	38.8833	38.8669	42.5973	41.5083	45.004	37.1794	38.079	41.1205	43.7541	42.1364	34.0182	39.4727	43.0542	38.3858	36.5916	38.9338	40.2879	38.3582	43.5415	46.5417	41.1341	41.1776	43.4176	41.8071	43.6221	42.7364	47.3828	46.1696	46.9058	39.0158	40.988	39.5796	40.0898	44.0396	41.8317	35.0737	35.1434	32.27	43.1884	45.4942	35.3502	34.4632	43.2432	36.4189	34.5464	33.4574	35.4159	39.172	35.8615	41.9301	35.9623	39.051	43.9555	40.9803	40.7665	37.7474	41.8134	43.7284	30.5867	35.097	41.8878	39.9224	43.5728	41.0343	43.1699	42.1251	41.6561	44.1417	42.0812	39.5013	41.0148	39.6034	39.357	44.7153	20.5334	41.8356	20.9726	43.4873	43.2866	46.1051	44.7858	42.9027	41.6872	44.5342	38.3218	38.143	38.949	40.8732	43.4308	40.7586	43.1202	37.9523	43.8413	43.9225	37.4921	44.1968	43.5023	41.3666	37.1518	40.5293	47.516	42.143	43.1378	42.2246	41.8224	27.6907	41.4124	43.7385	38.8663	41.7734	40.1522	39.5221	39.3545	43.1065	42.9312	43.8007	39.6139	39.8046	
1H1W_AGC	45.4544	45.9274	45.9763	100.0	9.3989	46.7948	44.4859	45.1285	17.4593	27.8973	30.5811	44.2743	28.8073	30.1658	44.2492	48.89	42.7304	43.3968	43.9958	42.363	50.0664	41.8114	41.9793	39.3687	44.5058	48.6615	37.0688	45.4142	40.4278	39.478	35.2205	43.1252	47.6038	45.1202	44.3325	46.7458	45.5449	46.3497	47.6935	44.816	44.977	43.6573	48.765	46.9962	48.3688	42.9128	42.512	44.9252	45.2952	42.6434	42.5659	40.5405	41.1078	38.0501	45.9524	48.9724	40.4834	38.3684	44.7142	40.6053	39.4364	39.9786	38.8733	42.8642	40.2611	43.6852	40.7324	38.8601	44.9703	46.3988	41.0846	37.5925	40.515	50.0726	34.2936	33.4199	45.5205	43.2339	45.9034	39.7532	40.8357	47.0402	45.5538	43.971	41.5875	44.2004	44.6202	46.274	42.2986	43.4486	24.2851	37.2788	23.8959	43.7894	45.2423	43.9809	42.5609	40.5847	40.3163	42.9211	37.7861	42.1172	39.2052	40.6618	46.1009	42.2243	44.5474	36.2835	38.1129	46.2291	38.0074	44.5956	43.5949	41.691	36.0711	44.5447	45.8106	37.3301	43.393	40.0233	41.7314	30.929	42.0775	44.4798	38.2849	41.4868	41.2635	42.3181	42.2268	45.3219	45.2023	43.7718	43.8361	42.1969	
1OMW_AGC	14.5827	14.4742	8.2119	9.3989	100.0	12.9799	9.0389	12.284	43.2494	24.419	22.5475	14.0346	22.8651	24.8634	6.9211	9.1146	7.4166	8.7907	8.1965	7.8749	8.9052	13.3101	12.5481	8.2858	10.4166	8.7887	8.8338	9.468	6.9659	5.8608	5.8606	7.5777	8.9372	8.7031	9.5348	8.8233	13.302	11.4137	10.858	9.6415	11.6381	10.1569	9.7353	10.7296	10.3768	13.0182	12.9077	12.4685	11.9024	7.9945	14.1393	17.1781	15.1999	17.8204	8.77	10.2983	15.0152	16.468	9.3729	13.5213	13.503	17.0256	15.719	14.9087	16.4615	10.2651	16.6838	14.8573	6.5763	7.3683	7.0996	10.04	6.7379	10.4852	6.7028	5.3206	11.2581	9.7996	11.7452	8.1915	9.8045	8.019	7.3744	8.3089	10.6589	9.6563	9.3661	6.7695	7.3023	8.755	31.9242	6.0814	30.6577	8.3751	10.7231	8.8491	11.0195	7.0393	10.8333	9.7782	8.1349	11.8324	6.5877	7.3603	9.7493	11.0095	10.5287	6.0385	6.7601	8.5752	9.7145	9.4002	7.298	8.9899	6.7624	11.6258	9.3818	6.3589	9.1714	8.5146	8.3789	21.1381	7.9513	7.914	6.2128	7.4805	7.5175	9.991	10.095	9.3833	10.0981	10.5358	12.0744	8.3034	
1VZO_AGC	51.5525	51.626	43.6547	46.7948	12.9799	100.0	41.7189	47.1299	23.5026	34.0977	37.0802	46.6157	36.6196	38.6679	39.5681	48.7121	38.6315	41.921	39.5561	38.1516	45.8116	43.0591	47.1538	38.5597	46.275	45.7796	35.6107	42.7549	38.0853	32.8346	30.7937	39.1847	42.0561	40.451	42.5472	42.9331	49.6688	48.2237	49.212	45.6613	46.9561	41.6926	46.0855	45.3661	46.5577	47.1448	44.158	46.3248	46.3484	40.4063	51.2371	47.8101	45.9237	44.4766	41.2404	49.2462	44.0204	44.2048	43.9602	43.432	41.9035	48.7241	47.0037	49.3794	45.968	45.285	47.0699	45.6528	36.9865	39.3995	36.4707	40.2742	35.1157	45.9142	30.5792	28.6434	46.3597	41.6874	48.0709	39.1812	43.3152	41.1392	39.5888	41.5433	43.6212	44.2133	45.5523	38.4569	38.166	41.8372	31.2832	33.3239	30.9087	38.891	45.1329	42.0752	43.9508	34.4277	43.797	44.5714	32.6668	43.566	32.8502	36.2613	42.2884	44.0937	41.0675	30.4322	35.7221	41.5499	35.9394	42.0163	37.9296	40.0759	31.968	46.2163	43.7599	33.2194	42.7047	39.6385	39.499	35.9433	36.8552	40.172	33.0108	37.431	37.9152	39.7419	39.9177	45.2611	46.9226	46.6994	46.8405	40.698	
1XJD_AGC	42.5728	43.0491	45.1502	44.4859	9.0389	41.7189	100.0	47.0585	16.1243	27.1512	30.6612	44.7685	27.0834	29.483	43.5778	46.9941	40.6578	41.3745	42.3351	41.4652	43.5791	37.9998	38.0621	39.156	40.3728	42.7054	36.0411	40.9723	41.7223	36.3182	33.7516	40.1779	41.5427	39.4466	40.9752	45.1278	41.7548	41.2877	42.6946	40.5896	41.1311	43.3875	41.9706	43.9204	43.3523	39.0959	38.1271	41.0645	41.3465	38.4648	39.1403	35.9988	37.3731	34.5992	41.4219	42.3636	32.4721	36.0948	43.5537	39.2664	37.7205	35.9754	35.709	40.5313	38.8235	40.899	36.7504	37.9899	39.6319	37.7299	39.167	39.0038	38.5849	41.6208	34.5698	35.2139	42.0226	42.2759	43.7827	37.7871	37.9108	42.6593	42.2571	44.291	38.7183	40.6509	40.5605	39.4535	39.5891	40.6439	22.0001	37.3812	20.8704	40.0501	40.5689	42.6267	41.212	40.4221	38.3635	43.0046	35.4583	37.43	37.2643	39.1633	42.9669	40.6484	42.9816	35.9281	38.4234	42.5121	34.6718	44.6263	41.5067	39.671	36.9068	41.0452	42.9286	39.0845	41.0415	39.5004	40.3452	26.8932	40.9233	40.2632	38.3459	40.745	40.2006	38.3078	38.3136	43.5888	43.9292	42.9848	42.2911	38.6162	
1ZRZ_AGC	48.6638	48.6645	45.2643	45.1285	12.284	47.1299	47.0585	100.0	22.1993	36.3908	41.0671	51.8972	38.2601	39.7205	40.6204	45.557	40.1575	42.935	42.8016	41.8559	44.3347	44.3068	41.9096	43.3376	46.6364	43.4324	40.3861	42.2981	40.6589	35.3208	32.9501	39.4642	41.5172	40.5565	45.1525	45.8613	49.2626	45.7162	46.3607	42.8248	46.3224	45.5264	43.7089	46.1813	44.7927	46.0497	45.5174	47.1185	47.167	43.683	48.724	46.3011	45.2082	42.986	43.3388	46.7573	44.7612	47.2393	44.6902	44.7409	46.2393	42.8255	46.4175	47.9801	45.1022	46.6944	46.7274	48.1454	37.8827	37.2839	39.2432	43.2861	37.6234	46.1566	34.5505	32.3878	49.3043	46.4109	50.3604	43.4498	47.2981	42.2213	40.6735	43.1728	48.432	42.9629	41.761	35.9348	38.9458	44.5855	30.2459	36.2877	29.3217	40.7506	46.0219	44.1375	48.1753	39.2452	45.1868	46.2462	37.9081	44.4933	37.0442	39.4685	44.0466	46.0004	46.2904	34.8459	38.2239	42.8275	41.5623	46.748	40.0534	45.2674	37.1599	46.378	46.3554	37.3615	44.2505	43.3784	43.0347	37.37	41.6509	40.4206	36.7471	41.2391	40.9885	43.4189	43.4576	44.5106	45.8771	46.0937	47.6371	40.5369	
2ACX_AGC	26.1256	26.0061	15.2404	17.4593	43.2494	23.5026	16.1243	22.1993	100.0	38.6794	36.9207	25.4382	39.8787	41.2262	12.7646	16.5951	13.421	15.909	15.4049	14.7705	16.3369	22.8148	21.8372	15.0303	19.4908	15.9019	16.4693	17.5631	12.8172	11.0409	10.9559	13.9115	16.2438	16.1153	17.4699	16.2071	24.2635	21.3975	20.2795	18.2169	21.8209	18.1504	17.7971	19.3379	18.9973	23.6181	23.2815	22.9525	21.9618	14.8649	26.0961	30.2775	26.7048	31.1179	16.5197	19.1629	27.7203	29.4083	17.1623	23.707	24.44	30.4857	28.0629	25.9077	29.5248	18.6732	30.195	25.8979	12.3584	13.6937	13.0533	18.4178	12.4681	19.4941	11.7224	9.7588	20.5707	17.4382	21.5048	15.3147	18.0234	14.7355	13.5912	15.3049	19.2407	17.843	17.4611	12.5048	13.3329	16.2331	50.5079	11.4953	53.1731	15.597	20.1131	16.3359	20.0357	12.7933	20.2439	17.9423	15.3663	20.9255	12.2413	13.5076	17.8804	19.986	19.0661	11.2364	12.5965	16.0415	17.8225	17.181	13.664	16.2019	12.1416	21.5915	17.2778	11.637	16.7711	15.8626	15.4299	36.2926	14.671	14.7637	11.3348	13.545	13.5621	18.7123	18.9179	17.0933	18.3517	19.499	22.1271	15.7217	
2ETR_AGC	38.5129	38.2844	26.5397	27.8973	24.419	34.0977	27.1512	36.3908	38.6794	100.0	64.7341	38.8747	49.4075	56.42	22.1323	27.1144	23.0476	26.7562	25.886	25.3031	26.513	35.5474	31.8508	23.9911	32.6253	25.6192	25.2083	28.7244	21.9588	18.6435	17.4067	23.511	26.5215	26.9454	27.6856	27.6775	37.596	31.0552	30.3481	27.0195	33.5456	30.4971	28.7167	30.8327	30.0388	36.5057	33.5543	33.3839	32.3773	25.2648	41.0103	41.4617	38.5897	42.5529	26.8635	30.2307	39.0274	43.1602	27.1042	37.7512	37.5872	41.7281	42.937	38.1225	39.7903	30.2221	43.0373	41.3682	20.567	22.4073	21.705	26.5178	21.1868	29.959	18.9941	17.3753	31.5211	28.4969	33.359	26.0716	28.8271	24.21	22.5769	25.824	31.235	29.8516	28.0907	20.2705	21.9246	27.9941	49.4343	20.6559	46.3886	26.8397	32.6946	28.7014	34.5295	22.461	29.252	28.4175	25.4314	33.4233	20.6296	23.8724	30.2495	32.6611	32.3777	19.3702	21.5983	26.7664	26.3318	27.1801	23.1699	28.668	21.5686	33.3573	29.1659	21.0861	28.547	26.9681	25.5949	41.8532	25.4598	24.863	19.5446	23.0692	22.5513	29.0936	29.3608	28.181	30.0988	29.7027	34.3462	24.1349	
2F2U_AGC	41.633	41.5228	28.2985	30.5811	22.5475	37.0802	30.6612	41.0671	36.9207	64.7341	100.0	43.7539	50.2118	57.8519	24.5283	30.1837	26.6572	31.0087	28.992	28.3537	29.3832	39.6061	34.7708	27.0816	35.4827	28.8363	29.3342	31.8682	25.2253	21.3077	19.7976	26.3843	29.5676	30.4973	30.64	30.6441	41.6008	35.1509	34.3025	30.8854	36.8594	32.8844	30.2562	32.6959	31.5433	40.2516	36.1827	37.0743	36.2189	28.1853	43.8277	45.2088	42.7456	46.6006	29.6905	33.5229	41.0946	48.6034	30.3878	42.2888	43.5169	46.4201	47.2359	42.1929	42.9954	34.0112	47.5347	43.6554	22.6876	24.4629	24.7798	31.0565	23.2191	32.7662	22.4216	19.6209	35.9919	33.0219	37.9147	29.7385	32.4289	27.4493	25.7104	28.9142	35.0387	33.3574	31.5842	22.8321	25.2923	30.9726	49.1144	22.9252	44.5683	29.2026	35.4643	31.1785	37.1685	24.9408	32.8801	32.1281	27.8198	37.9386	23.2812	26.7466	33.332	36.8063	35.1848	21.7429	23.8876	29.6766	29.195	30.4026	25.785	32.0725	24.4061	37.3409	31.7954	23.2983	32.0953	30.516	29.1505	45.3227	28.3511	27.1087	22.1962	26.2653	25.9404	33.1885	33.4824	31.5644	33.7593	33.3583	38.8644	27.8906	
2I0E_AGC	50.2091	50.6228	39.9461	44.2743	14.0346	46.6157	44.7685	51.8972	25.4382	38.8747	43.7539	100.0	39.611	41.7838	35.5647	42.4696	37.7823	41.4053	40.1423	38.6715	41.792	43.8379	40.6292	36.1821	44.4775	40.7529	37.5913	41.915	36.7287	31.314	29.1478	36.9283	41.0514	40.0652	40.0694	43.0168	48.8152	45.3887	45.2043	41.6649	46.8457	41.9468	41.7163	44.3532	43.246	46.5596	42.6633	46.7557	46.1284	37.5929	47.7681	45.6234	44.0324	43.6901	38.664	43.4866	42.3717	47.7164	40.0378	44.5695	47.0355	44.7778	44.1615	46.6113	46.4286	41.1402	46.8029	45.0118	32.8739	35.9124	34.3062	38.6052	32.9123	43.7165	31.423	27.6997	47.453	44.2712	46.8457	38.8147	40.8396	41.1396	39.3156	42.0558	42.6278	41.9847	42.6483	34.8616	36.7779	40.7788	34.3895	31.9692	32.3831	39.8637	43.1288	41.7953	44.4988	34.849	42.0715	42.3172	35.7864	44.329	33.0889	36.9242	42.2819	43.3495	44.3945	30.9652	32.9294	40.3303	36.5791	42.0902	37.3869	39.9776	33.2739	44.5692	42.3947	32.2998	41.9248	40.8892	40.0408	36.949	39.138	37.6188	31.4852	36.3067	35.9916	43.3883	43.5926	42.0885	44.1282	43.2098	46.6083	37.6857	
2VD5_AGC	35.834	35.8214	27.8665	28.8073	22.8651	36.6196	27.0834	38.2601	39.8787	49.4075	50.2118	39.611	100.0	53.7486	23.547	28.1646	24.0158	27.2274	25.9592	25.2021	26.5016	33.929	31.0365	27.8973	32.0924	26.519	28.2395	28.6537	23.7782	19.9965	21.1277	24.0703	26.242	25.7466	31.1862	28.3963	37.4073	33.7128	32.8334	29.6791	35.8115	30.676	30.1293	31.8641	31.1324	36.8133	35.4793	34.3677	33.3196	28.0097	42.2851	43.5012	38.1678	41.9266	27.6274	32.7891	41.989	41.7076	29.6263	37.0732	36.8698	41.0056	43.9929	39.4092	39.6692	32.691	42.9179	38.8313	22.5691	22.9053	23.4366	31.1671	22.1897	31.7065	18.8076	17.9191	34.0013	29.8964	34.7187	28.2175	32.469	25.328	23.7657	26.1229	34.3849	29.4026	29.2877	20.6618	23.1271	28.7251	45.106	21.3148	47.6278	26.7774	33.993	28.3311	34.2026	22.739	35.6677	30.6412	26.483	34.998	22.0443	24.0805	29.8476	33.5519	31.8737	20.698	24.1617	28.553	31.0056	27.2863	23.7146	28.733	21.7784	33.8995	30.0128	22.1489	29.4945	28.6733	27.5181	49.467	25.6309	25.9164	20.3328	23.6679	23.8729	31.5226	31.8128	27.9068	29.5455	32.6736	35.6952	27.6413	
4AW2_AGC	40.7493	40.6797	27.6229	30.1658	24.8634	38.6679	29.483	39.7205	41.2262	56.42	57.8519	41.7838	53.7486	100.0	23.4196	29.3154	25.2025	28.9899	27.7612	26.9356	29.185	40.0822	36.7973	27.3679	34.1548	28.9759	29.2711	31.4221	24.0883	19.9385	19.6814	26.0739	29.484	28.6397	31.3515	30.1803	41.9019	35.5132	34.2625	30.8025	36.5151	33.1668	30.6172	33.114	32.2381	39.1782	36.4326	36.9856	35.8866	27.1131	42.974	48.4767	44.4713	48.3427	28.6745	32.803	43.0209	47.5965	30.155	40.4179	41.8801	47.2956	47.6468	44.6119	46.4627	33.962	46.4238	43.7307	22.4608	24.397	24.0407	31.3401	23.1944	33.3658	21.5354	18.7735	35.8528	31.8733	36.9461	27.7078	31.5764	26.7416	24.8018	27.8274	34.8093	32.4043	30.6029	22.1209	24.5716	29.3701	51.2413	21.1871	50.0876	27.9979	35.3381	29.7199	36.0717	23.8615	33.2341	32.1548	26.7828	37.0823	22.6181	25.2037	32.1797	35.5437	34.2706	20.8415	23.0664	29.0425	29.5533	30.3995	24.7045	30.6887	23.3269	36.9619	30.5298	22.264	31.1662	28.9248	27.8574	49.555	27.4407	26.8658	21.4367	25.2807	25.2821	32.0588	32.3665	31.2672	33.3409	33.4504	38.3832	27.146	
2Z7Q_AGC	35.8207	36.2984	47.1283	44.2492	6.9211	39.5681	43.5778	40.6204	12.7646	22.1323	24.5283	35.5647	23.547	23.4196	100.0	53.1004	38.3553	37.8325	40.2907	40.2807	42.713	34.0336	33.6044	38.9423	40.5343	42.1024	33.8483	39.7001	43.1761	39.8801	37.2662	40.3564	40.1512	37.0615	41.4149	43.51	37.5417	38.2117	40.8773	39.4636	39.1397	41.1335	42.3214	41.1167	42.3295	35.9972	37.9398	38.6382	39.2377	42.5137	36.0986	30.926	32.1168	28.9914	42.7368	43.9481	31.1434	30.4599	42.7449	34.6963	32.9357	31.0014	31.8998	34.8494	31.9331	41.3091	33.0361	33.2833	44.8279	38.6206	41.9114	37.1148	40.3444	41.3395	31.8791	38.1667	39.1277	39.8022	40.1405	40.1773	39.2749	42.0473	42.5109	41.3968	39.1868	37.3678	39.3789	41.2895	38.4977	41.8562	17.6439	41.5465	17.5498	40.311	39.2812	41.3079	39.445	40.9976	37.4407	40.6604	34.1159	35.4966	38.1897	39.8897	41.8434	40.5203	39.2957	37.6354	42.4007	43.9491	36.2319	40.761	41.5563	39.9901	35.7869	37.8446	45.1646	41.3686	40.4468	37.958	40.4932	24.9969	38.9527	40.0485	40.5431	41.8214	41.5728	37.5588	37.3144	40.4806	39.8885	41.1983	37.3776	39.9509	
3G51_AGC	44.5569	45.0123	47.8707	48.89	9.1146	48.7121	46.9941	45.557	16.5951	27.1144	30.1837	42.4696	28.1646	29.3154	53.1004	100.0	39.8335	41.049	41.4876	40.8534	47.2908	40.553	41.6941	40.0709	44.821	47.5367	36.0478	43.447	43.0513	38.2081	34.7576	43.462	43.5523	40.5343	45.1804	46.3824	45.0481	43.3351	46.4081	43.2918	44.6726	43.6716	46.2589	45.2032	46.5665	41.2171	41.7137	42.7833	43.1341	42.5231	43.0531	38.0253	38.1476	35.4885	43.228	48.5417	36.0181	36.7976	45.4205	40.4339	38.0305	38.4783	37.9262	42.272	39.4457	45.5594	40.2592	39.324	43.041	41.2485	41.7041	39.5887	39.7108	46.325	33.1156	35.4517	44.6117	44.2291	45.9208	41.8236	42.2795	44.1706	43.8354	44.4553	43.2324	41.9876	44.269	43.1427	41.0148	43.8805	22.9888	38.597	22.2988	41.7926	41.9733	43.8936	44.0255	40.4161	40.5539	44.2824	34.4003	40.6181	37.8916	41.3955	45.1102	44.3894	42.5641	36.0841	40.95	45.5614	36.6992	43.9537	42.7573	42.0078	36.3403	42.6361	47.5376	39.3007	43.7745	40.3206	42.6644	29.2103	39.9928	42.2745	39.9547	42.5206	42.8254	40.5185	40.4088	45.0966	45.4786	46.1395	44.0808	42.7831	
4FG8_CAMK	36.849	37.0848	38.8833	42.7304	7.4166	38.6315	40.6578	40.1575	13.421	23.0476	26.6572	37.7823	24.0158	25.2025	38.3553	39.8335	100.0	57.7181	41.6406	40.9128	43.681	35.6797	35.6563	37.8635	39.3825	43.2238	39.1789	40.5638	40.7174	42.2492	34.1314	40.9034	44.3273	50.4021	38.8804	41.5304	38.4674	42.2418	43.6553	43.7372	38.4548	38.4171	38.589	37.6326	37.6195	40.5578	33.228	37.8991	39.1449	39.8621	35.9217	34.1539	36.1603	32.7836	39.8025	40.1915	33.0571	34.4402	38.7655	38.3307	37.621	33.128	35.4879	37.4489	31.1127	39.5808	33.9028	35.4999	39.5309	40.2463	41.1729	36.4992	38.1198	38.1805	40.282	34.3994	40.3961	41.3403	42.0771	39.0212	38.4486	44.1142	44.0639	41.6366	37.3767	43.4837	41.7875	42.6514	41.9739	40.5073	19.655	37.5085	18.1181	38.9384	41.3729	38.9991	35.3255	39.6962	35.7068	38.2895	35.7254	39.1782	38.07	39.4298	41.0294	36.2775	38.8407	36.3938	35.794	39.9026	35.3721	40.3964	39.5861	41.6925	38.4755	39.1098	39.3183	36.584	40.9642	40.4285	38.9724	25.1977	39.7021	38.918	38.2638	40.3387	40.8383	38.4529	38.311	42.6937	42.5705	38.8544	38.5412	38.4763	
1A06_CAMK	40.8678	41.058	38.8669	43.3968	8.7907	41.921	41.3745	42.935	15.909	26.7562	31.0087	41.4053	27.2274	28.9899	37.8325	41.049	57.7181	100.0	42.0753	41.3698	44.1145	38.951	39.1229	37.4812	41.9484	43.7082	41.0959	42.2718	40.504	40.6693	32.322	41.2365	44.8235	52.6283	40.0879	41.8892	42.0311	45.5671	46.3523	45.8913	40.9845	39.9814	39.0591	38.6467	38.4316	44.3683	35.8515	40.7134	41.8245	40.5876	40.0999	38.0106	39.7154	36.8885	41.1089	42.3225	36.2201	39.0315	39.6079	42.4326	41.7484	37.6093	39.8108	41.2717	34.9806	41.3466	38.507	39.2293	38.4407	39.678	41.0009	38.3462	37.1139	39.9992	40.2188	33.7127	42.6653	43.0835	45.4021	40.3253	40.0401	43.3385	42.8088	42.2521	39.4875	45.6436	43.6429	41.062	41.4912	41.6166	23.3244	37.0857	21.2981	39.8845	43.9	40.2234	37.4179	38.9761	37.7638	40.047	36.2387	42.0723	37.5006	40.0792	42.7683	39.2907	40.6722	35.4264	35.3457	41.0517	36.4903	41.358	39.2721	43.2035	38.3838	42.6423	40.9142	35.4999	42.7726	41.9035	39.8512	28.5732	40.1622	39.0981	37.2991	40.5671	40.7547	40.4754	40.5141	43.7186	44.2478	40.9754	42.264	40.009	
1IA8_CAMK	38.6855	39.2723	42.5973	43.9958	8.1965	39.5561	42.3351	42.8016	15.4049	25.886	28.992	40.1423	25.9592	27.7612	40.2907	41.4876	41.6406	42.0753	100.0	72.4419	44.0291	39.9815	35.7326	39.3738	44.0108	41.344	38.0238	43.2531	42.1204	38.191	36.4098	41.4885	41.8058	42.5722	40.6988	44.3413	41.4671	43.6919	44.4741	43.897	42.0204	40.7856	41.3619	41.7452	42.1966	42.113	37.3717	42.2788	43.307	39.8185	39.0313	36.249	38.1498	34.824	44.3705	43.3481	35.7492	37.9688	42.0474	39.2093	40.7663	36.9265	36.8152	38.5601	36.6336	41.4508	35.3708	38.0054	41.6006	39.8646	41.1507	39.5573	41.1264	43.9195	36.0691	35.66	44.8729	42.5223	43.9216	43.1463	40.4311	44.0904	43.3863	43.9508	41.1773	45.2434	45.631	41.7377	42.2061	45.6433	21.2746	41.1214	21.0149	42.572	44.5324	45.9199	41.3214	39.507	39.1558	43.7963	39.9658	42.5442	41.0098	42.2123	43.2595	40.3658	40.6291	37.0428	40.0112	43.9083	36.8092	44.0033	45.7411	43.5919	40.5015	41.7583	44.5825	39.8654	44.8685	44.2035	45.4471	29.1183	45.053	44.1785	39.4856	41.2431	40.8729	43.9173	43.7911	43.5876	43.0362	42.79	42.9268	42.0003	
2QHN_CAMK	37.111	37.6053	41.5083	42.363	7.8749	38.1516	41.4652	41.8559	14.7705	25.3031	28.3537	38.6715	25.2021	26.9356	40.2807	40.8534	40.9128	41.3698	72.4419	100.0	43.065	39.5777	34.7365	38.3611	43.8586	40.9324	37.9293	43.4226	42.4581	38.0638	35.4414	42.0717	40.9142	41.57	39.8293	43.5407	40.8481	42.6547	42.952	42.5587	40.1105	39.9622	39.9555	40.1261	40.3033	40.534	35.7762	40.6291	41.8288	40.0912	38.4782	35.3196	37.2085	33.789	43.8843	42.7704	35.1379	37.1411	41.185	38.8563	40.4834	36.104	36.5702	37.4964	35.5585	41.64	35.093	37.3738	41.012	39.0362	40.5252	38.7225	40.5385	42.9211	36.1245	36.4307	43.0317	41.0555	42.0839	43.0183	39.67	42.5948	42.1776	43.6381	40.625	44.9222	44.6158	40.9059	41.673	44.798	20.6421	40.5457	20.3029	41.4868	42.9227	44.661	39.8622	38.8527	37.5226	42.6726	37.9426	41.6469	40.7767	41.9147	41.8855	40.6616	39.058	36.3602	39.4	43.2374	35.5707	42.9354	44.4075	43.3519	40.1473	40.3935	43.2288	39.702	43.8951	43.0094	45.1645	28.5427	44.4427	43.0192	39.6297	41.0418	40.8419	41.973	41.8653	42.3881	41.8343	41.0211	41.6819	41.0996	
1IG1_CAMK	45.262	45.6115	45.004	50.0664	8.9052	45.8116	43.5791	44.3347	16.3369	26.513	29.3832	41.792	26.5016	29.185	42.713	47.2908	43.681	44.1145	44.0291	43.065	100.0	41.4025	45.0959	40.442	44.4004	56.3409	37.3519	45.0788	40.0372	39.9901	32.9545	49.2046	48.1599	45.7206	43.3629	47.334	45.6069	45.0815	46.1108	44.1441	43.4565	42.2303	44.4055	43.6622	44.7671	40.9205	38.9932	42.1373	42.4845	41.7548	40.3248	38.6762	39.1269	35.8762	43.2194	45.8302	37.6739	37.4274	43.1682	37.4983	38.7186	38.8266	37.7424	41.4281	38.7799	44.0215	38.3512	38.8245	42.1315	45.3155	41.4212	36.4924	39.4804	46.3639	35.8158	34.0537	45.1343	42.9292	45.5756	39.6914	40.6276	46.9295	45.8917	43.1793	41.5023	45.8274	44.415	45.3216	43.7772	41.6481	23.3176	36.8641	22.2213	42.5048	43.7618	42.1383	42.8228	39.9595	37.6462	41.7995	35.5488	40.2636	38.4901	40.7801	43.1949	40.7573	43.7651	36.6315	36.0278	42.4245	34.9906	45.9636	43.3596	42.9988	37.2524	43.7223	44.1743	35.9684	43.5177	39.9775	39.1248	29.5018	41.4218	44.7373	38.819	42.7687	41.9309	40.1492	40.1733	48.9031	48.6673	42.7735	43.5076	40.0676	
1KWP_CAMK	43.011	43.0835	37.1794	41.8114	13.3101	43.0591	37.9998	44.3068	22.8148	35.5474	39.6061	43.8379	33.929	40.0822	34.0336	40.553	35.6797	38.951	39.9815	39.5777	41.4025	100.0	43.6863	34.7263	44.9196	40.9344	37.201	44.0118	35.8072	31.3394	27.0333	39.7458	42.4165	40.9713	41.3185	43.2607	49.3242	44.3275	44.3767	41.3081	41.4826	41.3299	40.5033	41.3585	41.1286	43.9261	39.4436	42.1808	42.8676	36.4096	45.1428	46.5037	45.1507	43.7759	38.137	41.7096	41.7915	46.9757	38.186	45.4059	47.807	45.3326	44.8912	45.6107	44.2283	43.5589	46.2273	43.2701	34.5402	37.7622	35.8096	38.7661	36.4713	43.3966	34.5479	30.2156	44.6814	41.7148	44.2467	37.924	40.3204	38.8682	36.9583	41.8363	43.909	43.0904	42.396	36.4019	38.5129	41.4289	32.5784	31.5469	31.077	40.2191	43.1784	41.7524	42.2195	36.8105	37.9496	42.4015	34.5374	47.9659	36.1108	39.0024	41.4365	42.4589	40.7254	31.5809	33.0163	40.1915	34.8374	43.4302	38.0655	42.8814	35.8811	43.1754	41.9807	33.5831	42.9748	39.5035	41.2108	38.6738	40.3261	39.7609	35.1132	38.3528	38.6326	41.4119	41.5944	42.6369	43.7026	41.9152	45.1494	38.3874	
1TKI_CAMK	46.702	47.0268	38.079	41.9793	12.5481	47.1538	38.0621	41.9096	21.8372	31.8508	34.7708	40.6292	31.0365	36.7973	33.6044	41.6941	35.6563	39.1229	35.7326	34.7365	45.0959	43.6863	100.0	35.7612	41.2827	45.203	36.0793	40.4344	35.4099	31.582	26.2803	39.6288	42.9745	41.7253	41.7926	40.6827	46.0093	43.9019	45.3932	42.9818	46.1507	40.8384	38.8649	39.4737	40.1127	40.6619	39.4982	39.6304	39.5082	35.9834	43.0941	44.0247	41.6607	40.2133	36.3599	42.3649	40.854	42.8404	37.2413	38.8117	40.7015	43.0096	41.7059	46.4732	43.9872	41.5534	41.3173	43.195	34.2231	37.8716	38.299	35.1596	34.6368	43.5265	31.9963	29.4441	44.5881	41.8436	46.5826	35.669	39.7938	38.2197	36.3467	38.079	42.3316	40.4828	40.3905	34.5134	38.3439	37.7888	30.8286	31.013	28.7642	38.402	42.2479	37.9953	42.9268	35.8741	39.2876	41.6112	33.4837	40.2279	33.246	37.2372	40.9064	41.5639	42.7933	32.1208	31.3936	38.1415	33.3626	41.6608	35.7804	41.0851	34.2124	45.9484	40.0819	30.3269	42.2429	38.2809	35.9958	33.243	36.164	38.3076	33.8086	39.1341	37.7392	39.0323	39.1703	45.2465	46.5148	42.3386	44.0434	37.5742	
1XWS_CAMK	35.94	36.4956	41.1205	39.3687	8.2858	38.5597	39.156	43.3376	15.0303	23.9911	27.0816	36.1821	27.8973	27.3679	38.9423	40.0709	37.8635	37.4812	39.3738	38.3611	40.442	34.7263	35.7612	100.0	36.4825	41.0189	39.9757	36.0487	40.5149	37.0281	44.3868	37.7771	37.4887	35.1948	45.7171	41.6003	36.6588	40.1205	41.5595	40.5783	41.674	39.1087	37.7383	38.1164	38.1049	36.3242	37.4862	37.9299	37.9958	42.4987	35.3038	33.8799	33.8612	30.8997	39.4064	41.9741	35.1982	33.4448	40.4596	34.4739	34.0823	33.1175	34.2555	38.1431	33.6936	39.7784	32.5435	36.2501	40.2994	36.5241	41.6394	40.9856	37.3325	41.8946	30.9941	31.5666	43.7433	42.2276	42.9993	40.8732	43.1828	38.8546	38.0714	37.4186	44.6891	37.1502	36.893	35.0197	37.7621	39.9442	20.2156	37.1595	19.942	35.8838	39.5588	37.0313	41.3641	38.219	43.5617	41.5993	36.2387	36.7218	39.6002	36.0994	38.19	39.4901	39.1342	39.879	40.9436	40.721	42.8301	41.2477	38.7453	41.5509	37.1863	38.9714	42.5197	37.1852	41.5372	40.9167	39.8162	29.5602	38.5958	39.4561	37.7081	38.7849	39.2567	41.6906	41.5404	38.7708	38.3732	44.743	40.0384	40.6925	
1ZMU_CAMK	43.9753	44.2389	43.7541	44.5058	10.4166	46.275	40.3728	46.6364	19.4908	32.6253	35.4827	44.4775	32.0924	34.1548	40.5343	44.821	39.3825	41.9484	44.0108	43.8586	44.4004	44.9196	41.2827	36.4825	100.0	42.4025	38.0028	47.0525	42.0407	36.3564	30.1021	42.1776	44.0385	42.6502	40.988	45.5846	55.545	45.1415	45.5199	43.9151	45.5208	45.0579	44.7233	45.458	45.7936	45.7841	41.3836	46.2811	47.4726	41.1473	48.755	43.3681	43.5538	40.7521	43.9021	46.0031	41.9016	45.7812	40.8204	43.4741	48.0199	42.6861	44.2129	43.2725	42.05	47.212	44.2366	45.1038	39.1928	38.3401	39.8395	39.5715	41.0337	44.963	35.4044	34.4124	46.2047	43.6819	46.096	43.5399	44.971	42.0513	40.9937	45.36	45.788	44.1556	45.0017	39.3006	38.829	46.9255	27.2778	38.682	27.0942	42.9456	48.1175	45.6337	43.773	39.3359	40.5445	45.1335	38.0193	45.8948	37.3337	41.143	43.1272	44.7652	43.9301	34.0212	36.8015	42.914	37.9979	46.0712	41.6889	45.1818	36.9463	44.3168	47.8055	38.028	44.0059	42.3425	44.2479	34.8692	42.6976	41.2964	37.6173	41.3238	40.6355	41.9609	42.1643	44.311	45.0976	42.0435	43.4274	40.3977	
1ZWS_CAMK	42.8182	43.2887	42.1364	48.6615	8.7887	45.7796	42.7054	43.4324	15.9019	25.6192	28.8363	40.7529	26.519	28.9759	42.1024	47.5367	43.2238	43.7082	41.344	40.9324	56.3409	40.9344	45.203	41.0189	42.4025	100.0	39.2952	45.6085	40.1554	39.2101	32.3097	51.7199	47.3009	44.2242	44.9575	45.6756	44.9826	43.9959	44.7476	42.9652	42.432	40.3492	41.8799	39.997	41.527	38.7846	35.8249	39.4786	39.9789	41.1351	39.7324	38.0301	38.1338	35.0038	40.4496	44.5142	36.3213	36.2902	40.9196	37.8385	38.1858	38.9702	37.5064	42.1396	38.8027	44.5059	37.9798	37.9251	41.7591	44.0007	40.7743	36.1673	38.5828	46.3942	34.6031	33.8947	44.3507	42.7335	43.9552	39.2196	40.1222	44.4132	43.765	41.6767	41.6346	45.015	43.6931	44.3101	42.0616	39.9939	22.9327	35.0018	21.6013	39.771	41.0952	39.1672	40.9766	38.1502	36.7422	40.3046	32.1779	40.2585	37.2857	39.1066	40.3815	40.5586	40.4213	36.1215	35.1733	42.0002	34.1128	43.1597	40.2244	41.4908	35.6667	41.1229	41.5666	34.7579	42.4561	38.506	38.8311	29.2509	39.7961	41.7919	38.0096	40.5467	40.6518	38.8833	38.9848	46.4727	46.4364	42.6527	43.4916	40.4591	
2AC3_CAMK	34.0071	34.4181	34.0182	37.0688	8.8338	35.6107	36.0411	40.3861	16.4693	25.2083	29.3342	37.5913	28.2395	29.2711	33.8483	36.0478	39.1789	41.0959	38.0238	37.9293	37.3519	37.201	36.0793	39.9757	38.0028	39.2952	100.0	40.6864	37.5743	40.524	32.4419	39.9396	38.4249	39.819	42.4961	39.0175	38.4982	42.7403	41.4148	42.9427	40.2302	36.5549	32.4547	32.701	32.7317	37.7079	34.0929	37.4641	38.5028	39.2789	37.0327	35.481	34.9283	33.2386	37.7053	37.995	35.6233	36.7322	35.1815	37.8659	39.8168	35.4767	36.4844	39.1652	36.6556	39.5592	36.1009	34.8142	36.8691	35.2363	41.1143	41.3078	35.0574	39.4991	32.5654	32.7025	41.2563	41.1931	41.7337	39.5385	39.8779	36.8754	36.3399	37.1752	40.9307	39.5396	37.4527	32.2037	35.2668	37.6653	22.3615	35.13	22.2744	35.8836	40.1804	35.0227	37.1579	35.7278	39.1391	39.2095	36.2669	38.7345	37.3851	35.6903	36.3831	38.9429	38.0551	38.2402	34.1205	39.8233	41.2882	38.4717	34.8922	39.1631	35.1907	39.6316	37.5827	32.4165	39.7104	40.0058	37.852	32.2375	37.0907	34.7772	34.9022	36.641	36.3627	41.5449	41.7258	38.338	38.6935	41.1391	39.125	40.7587	
2CN5_CAMK	39.4459	39.8377	39.4727	45.4142	9.468	42.7549	40.9723	42.2981	17.5631	28.7244	31.8682	41.915	28.6537	31.4221	39.7001	43.447	40.5638	42.2718	43.2531	43.4226	45.0788	44.0118	40.4344	36.0487	47.0525	45.6085	40.6864	100.0	40.0244	37.3343	30.1022	45.0788	48.3117	43.9805	42.1397	45.929	46.3842	44.804	44.1505	43.729	42.6009	41.6941	39.723	40.1166	40.6483	42.0375	37.2944	42.8944	44.0816	39.2223	42.9261	40.1014	40.5424	37.6959	43.0791	43.4359	38.5243	41.1662	38.807	40.9527	44.8965	42.1537	40.3217	42.9663	40.5869	44.4639	40.9247	38.3958	39.5422	41.6088	38.8739	37.1616	40.1515	45.9256	35.62	35.7116	43.0399	42.2324	42.0439	39.5504	40.0244	41.9833	41.0904	44.0172	41.4846	46.7678	45.2701	41.8115	39.0638	42.7209	24.5858	37.0517	24.2467	41.9979	44.309	42.4041	39.5391	39.3515	36.0716	41.6323	34.6307	43.7092	38.1468	40.0632	42.1648	43.699	41.6808	36.0904	34.5884	44.0932	35.4899	43.3746	39.9904	42.9722	36.6638	41.7111	42.3098	37.0301	42.8803	38.8871	42.148	32.2155	44.1775	39.7202	36.9119	39.884	39.2514	40.5349	40.7067	44.1252	44.3279	41.0329	42.2487	40.1766	
2H6D_CAMK	34.1525	34.6416	43.0542	40.4278	6.9659	38.0853	41.7223	40.6589	12.8172	21.9588	25.2253	36.7287	23.7782	24.0883	43.1761	43.0513	40.7174	40.504	42.1204	42.4581	40.0372	35.8072	35.4099	40.5149	42.0407	40.1554	37.5743	40.0244	100.0	39.5929	38.3629	40.2433	39.8745	37.9331	40.8797	44.049	38.34	40.195	41.5513	42.2405	41.0831	40.5439	39.8512	39.3956	39.2867	36.1404	34.3175	36.8136	37.9435	42.6167	36.2908	31.8148	33.1811	29.8785	40.5339	42.837	32.1714	33.5759	40.4683	36.7456	36.7585	31.6891	33.6506	36.6011	32.4813	41.2337	32.4599	35.4707	41.0877	38.3111	43.8649	38.5527	41.3101	41.4066	35.9063	39.5957	41.4464	41.9967	40.7255	43.8668	41.6751	41.5133	41.661	45.5156	42.4668	38.5792	40.8094	38.1597	42.597	43.1018	17.9434	41.2309	17.3608	39.0345	39.7051	42.0744	38.7626	41.4195	39.9623	44.7136	35.9038	38.4217	41.0098	42.923	40.8274	42.1513	38.7549	38.6378	41.9546	43.3317	35.6446	41.7926	41.5722	43.0599	40.9914	38.7781	42.648	42.2338	44.1804	43.9012	44.8526	25.1264	42.5665	40.1239	42.5644	44.091	43.8025	40.3061	39.9574	41.6688	41.2464	40.4005	37.6564	40.4084	
2HW6_CAMK	30.6778	30.9352	38.3858	39.478	5.8608	32.8346	36.3182	35.3208	11.0409	18.6435	21.3077	31.314	19.9965	19.9385	39.8801	38.2081	42.2492	40.6693	38.191	38.0638	39.9901	31.3394	31.582	37.0281	36.3564	39.2101	40.524	37.3343	39.5929	100.0	35.658	37.8155	38.6422	40.122	37.8283	39.1318	32.909	37.808	38.692	40.6537	35.0931	33.9641	33.878	32.8588	33.3018	32.4393	32.2179	34.0326	35.2837	41.1683	31.5856	26.9065	27.8089	24.9947	39.0035	37.6627	28.5776	27.9919	35.4486	30.8031	31.2294	27.2608	28.1264	30.4823	27.2808	35.2987	29.1816	28.5183	41.3335	41.1085	42.8182	34.2516	36.698	35.9484	33.9552	35.2487	36.1938	37.5343	37.4029	38.0457	37.9129	39.8265	40.6402	39.2472	35.8096	36.5204	35.9317	38.8842	39.0335	38.3322	15.5709	40.8158	15.4214	38.2187	36.4788	37.0151	34.5273	40.607	34.3939	36.4039	33.969	33.7486	38.479	38.422	36.6127	34.6425	36.5876	40.692	37.3595	38.9027	35.7148	37.8155	39.0685	38.0077	36.5014	35.6968	39.2557	35.8245	37.8451	38.2398	36.8877	23.2358	36.1936	36.9577	38.9085	40.138	38.8863	36.4338	36.1957	38.9599	38.1478	37.8167	32.7833	38.011	
2IWI_CAMK	27.2062	27.7413	36.5916	35.2205	5.8606	30.7937	33.7516	32.9501	10.9559	17.4067	19.7976	29.1478	21.1277	19.6814	37.2662	34.7576	34.1314	32.322	36.4098	35.4414	32.9545	27.0333	26.2803	44.3868	30.1021	32.3097	32.4419	30.1022	38.3629	35.658	100.0	31.1351	30.8773	29.8368	37.7532	35.0436	28.292	34.5467	36.3528	36.5076	34.8259	32.1523	33.5955	33.1562	33.151	30.7262	31.2898	31.5617	31.7661	38.7969	28.2315	25.8158	26.7858	24.2043	36.6679	37.0308	28.0952	25.7187	38.033	29.2415	27.2743	25.3695	26.3944	28.6809	25.2807	32.61	24.9472	26.1261	38.3367	33.6047	38.1573	35.681	33.5954	35.2809	26.531	30.3493	35.1479	34.8465	34.3793	37.4219	35.8909	35.89	35.8224	34.5036	35.6536	31.4981	33.7583	33.0483	35.7788	36.0295	14.3175	36.3479	14.4504	32.0325	33.9934	34.5142	32.8968	33.4682	38.1501	35.9018	34.4447	31.2207	37.3582	33.8431	35.266	32.8465	31.7835	36.2485	41.9891	38.0684	37.3625	32.544	36.4595	34.5073	34.1164	32.4077	36.5756	36.6997	35.6009	36.8531	37.8725	22.2552	33.9806	35.6154	34.7672	34.4779	35.8283	36.7463	36.3446	33.0198	32.0133	37.3213	32.7769	37.4933	
2J90_CAMK	36.2038	36.7093	38.9338	43.1252	7.5777	39.1847	40.1779	39.4642	13.9115	23.511	26.3843	36.9283	24.0703	26.0739	40.3564	43.462	40.9034	41.2365	41.4885	42.0717	49.2046	39.7458	39.6288	37.7771	42.1776	51.7199	39.9396	45.0788	40.2433	37.8155	31.1351	100.0	43.5774	42.7065	42.5268	43.1879	43.0115	40.7647	40.9961	40.1264	38.5074	40.2343	39.1759	37.7252	39.1541	37.252	30.8153	36.2837	37.2613	37.8829	36.8415	35.1402	36.2459	32.8704	38.3737	40.6431	32.8921	34.3403	37.9488	37.2465	38.0937	35.1476	35.3534	37.6613	35.2841	43.6982	34.1211	35.5603	41.332	39.9276	40.5465	36.173	40.6101	43.2234	35.2633	37.2294	41.7104	40.7665	39.6912	38.7519	37.0821	42.132	41.8278	41.2196	39.6062	43.7315	42.5115	41.7544	40.1296	39.2173	20.2752	34.7814	19.1938	38.3495	39.8538	37.8809	37.1194	37.1703	33.7964	38.1466	33.1521	38.7293	38.7651	40.453	37.9795	38.0445	37.2682	36.0467	34.6694	41.4616	33.1364	41.3923	39.9597	41.2516	37.0543	37.4607	39.6965	35.4768	41.9111	38.571	39.2649	27.246	40.5667	41.1306	39.8333	39.1106	39.9786	37.4387	37.6411	42.4974	42.0244	38.7962	41.1907	39.9805	
2JAM_CAMK	41.3789	41.8606	40.2879	47.6038	8.9372	42.0561	41.5427	41.5172	16.2438	26.5215	29.5676	41.0514	26.242	29.484	40.1512	43.5523	44.3273	44.8235	41.8058	40.9142	48.1599	42.4165	42.9745	37.4887	44.0385	47.3009	38.4249	48.3117	39.8745	38.6422	30.8773	43.5774	100.0	48.4387	41.3024	47.2399	43.9119	43.1752	44.973	43.7325	43.1673	43.3192	41.9486	41.9725	43.2647	41.5935	39.2389	43.2626	43.9206	38.7373	38.4226	38.2622	39.0031	35.8782	41.4661	43.346	37.44	38.3383	40.3656	37.54	41.3379	38.8689	37.4857	41.7422	37.8099	42.4659	38.1738	37.7025	40.8924	43.7826	41.0308	35.9418	41.2224	44.878	39.3595	36.0372	43.9499	44.5754	43.7961	38.2253	39.0871	46.1052	44.7231	43.7548	40.9968	44.4891	43.5058	45.3319	42.5314	41.733	23.4405	37.2777	22.7281	44.1172	44.4344	41.5593	40.5655	42.8293	36.2953	42.1029	36.5554	41.8558	39.3056	40.9557	44.894	42.1793	46.4391	38.492	34.2509	43.1389	35.1893	45.3962	41.8125	44.0088	38.1288	44.0237	43.4485	37.3677	43.5576	38.7271	39.8183	29.3738	43.8146	41.535	38.7582	43.2358	41.5984	42.1662	42.1564	47.0836	46.8305	41.1954	41.2562	39.3278	
2JC6_CAMK	41.4602	41.7964	38.3582	45.1202	8.7031	40.451	39.4466	40.5565	16.1153	26.9454	30.4973	40.0652	25.7466	28.6397	37.0615	40.5343	50.4021	52.6283	42.5722	41.57	45.7206	40.9713	41.7253	35.1948	42.6502	44.2242	39.819	43.9805	37.9331	40.122	29.8368	42.7065	48.4387	100.0	39.741	42.9361	42.4069	44.4832	45.6493	45.0692	41.653	40.0255	39.1995	38.4386	39.4013	43.7633	36.3065	41.6116	42.6068	38.1181	39.188	37.4771	38.8806	36.2625	40.9175	41.6932	36.3799	38.9036	38.457	39.9302	41.8658	38.1306	38.2535	39.6062	35.5732	40.2992	38.2464	38.1044	39.5791	41.9848	41.0616	35.903	38.149	41.4426	39.5445	34.0418	42.8237	43.1075	44.809	38.9783	38.1762	43.9297	42.8159	41.767	38.847	45.9722	43.6724	42.9393	42.1138	41.7186	23.6366	37.035	22.2926	42.7492	44.646	41.0332	38.7894	40.1378	35.7814	39.2038	38.4557	41.9183	38.5936	41.7188	43.9012	38.5029	43.2406	37.022	33.9505	41.2165	34.8919	41.8995	40.9046	44.4954	39.2183	43.9226	41.8214	34.8713	43.7854	41.0629	38.6269	28.9777	41.4151	40.9236	38.1033	41.1768	40.3295	41.8827	41.9516	44.8196	45.1175	40.3879	42.6115	40.2744	
2Y7J_CAMK	38.3749	38.9895	43.5415	44.3325	9.5348	42.5472	40.9752	45.1525	17.4699	27.6856	30.64	40.0694	31.1862	31.3515	41.4149	45.1804	38.8804	40.0879	40.6988	39.8293	43.3629	41.3185	41.7926	45.7171	40.988	44.9575	42.4961	42.1397	40.8797	37.8283	37.7532	42.5268	41.3024	39.741	100.0	47.0633	42.1763	44.5732	46.4484	44.5371	45.3767	40.9042	41.524	40.328	40.9814	39.5202	40.5016	38.7745	39.2975	44.0138	42.9035	39.9577	38.6076	36.2675	41.5514	45.001	38.7217	38.365	42.0221	40.1387	38.2778	37.4908	39.8383	44.0188	40.2765	46.0775	39.0031	39.4802	43.0496	38.4102	43.7943	43.3642	40.5179	46.2817	30.9074	34.7998	45.567	43.6099	47.2537	43.8347	46.6249	39.7714	38.875	40.8175	47.9384	42.5586	43.6299	37.4082	39.6154	44.3555	23.9652	37.2943	23.8761	41.8246	43.9604	42.0611	45.4818	40.4306	44.3188	43.8393	38.9056	40.7907	40.9178	40.2132	41.9865	42.0518	41.0307	40.0065	42.735	46.3053	44.2623	42.2784	40.3897	42.8722	37.2735	42.3496	44.9338	39.1867	44.6777	42.4414	43.0731	33.3009	40.3268	42.9355	38.6334	40.1692	40.5083	43.9095	44.0019	42.9315	43.0801	47.73	44.7047	46.0674	
2PHK_CAMK	41.0235	41.4217	46.5417	46.7458	8.8233	42.9331	45.1278	45.8613	16.2071	27.6775	30.6441	43.0168	28.3963	30.1803	43.51	46.3824	41.5304	41.8892	44.3413	43.5407	47.334	43.2607	40.6827	41.6003	45.5846	45.6756	39.0175	45.929	44.049	39.1318	35.0436	43.1879	47.2399	42.9361	47.0633	100.0	44.3925	44.2328	46.3158	44.5865	44.5169	44.7789	45.3913	45.5341	45.5478	41.3114	41.1828	42.8722	43.6041	43.1489	42.1677	38.4251	38.6993	35.6293	43.4572	45.5848	37.756	39.2987	43.5994	39.211	41.0756	37.4758	38.6806	42.5975	38.9117	44.2232	38.7988	39.6525	42.6006	43.485	41.9682	39.5544	43.4303	45.7685	36.7544	37.4251	45.6128	45.3201	45.6786	42.3718	43.7936	45.7576	44.6353	47.9302	45.354	44.5132	44.3042	42.422	44.085	45.9309	22.9427	40.3589	22.6753	45.6053	44.9273	46.9181	45.3579	44.9984	40.5084	46.4091	38.7678	42.6195	42.2315	43.4726	45.9717	43.7984	46.0948	39.8398	40.9601	46.0729	37.8328	48.189	44.9631	45.4534	40.8161	44.0247	47.091	42.6097	46.3287	43.1808	44.1096	29.89	46.3649	45.1307	41.5045	45.2647	43.5832	43.3437	43.2252	47.7165	47.7976	44.2782	42.8622	40.9368	
